680
680
680
679
677
678
676
677
676
675
676
675
675
675
675
675
674
675
674
674
674
674
674
675
674
673
673
673
673
673
672
672
672
672
672
673
672
671
672
672
672
671
672
670
671
671
670
671
670
670
670
669
670
669
669
669
668
670
669
670
668
669
668
668
668
668
668
667
668
667
667
667
667
666
667
667
666
667
666
666
667
665
665
665
666
666
665
664
665
664
664
664
664
665
664
664
664
664
664
664
664
664
665
664
665
665
666
666
669
671
672
672
672
671
672
672
671
671
671
671
670
670
670
670
669
670
669
669
669
669
668
668
667
667
667
668
667
667
667
667
666
666
666
666
665
665
665
665
664
664
664
665
664
664
663
664
664
664
663
663
663
662
665
668
666
666
666
666
665
665
666
665
665
665
664
664
664
664
664
663
